0.003751
0.011251
0.022498
0.037488
0.056221
0.078693
0.104902
0.134845
0.168521
0.205928
0.247062
0.291921
0.340503
0.392807
0.448828
0.508566
0.572017
0.639180
0.710052
0.784630
0.862913
0.944898
1.030583
1.119965
1.213042
1.309812
1.410273
1.514421
1.622255
1.733773
1.848972
1.967849
2.090403
2.216632
2.346532
2.480101
2.617338
2.758239
2.902803
3.051028
3.202910
3.358448
3.517639
3.680481
3.846972
4.017109
4.190890
4.368312
4.549374
4.734074
4.922408
5.114374
5.309971
5.509195
5.712045
5.918518
6.128612
6.342325
6.559654
6.780597
7.005152
7.233317
7.465088
7.700464
7.939443
8.182022
8.428198
8.677971
8.931337
9.188293
9.448839
9.712971
9.980687
10.251985
10.526862
10.805317
11.087347
11.372949
11.662122
11.954863
12.251169
12.551039
12.854471
13.161461
13.472008
13.786110
14.103763
14.424967
14.749718
15.078014
15.409853
15.745233
16.084151
16.426606
16.772594
17.122114
17.475163
17.831739
18.191840
