0.000000
0.000000
0.040000
0.010000
0.000000
0.110000
0.070000
0.060000
0.070000
0.130000
0.240000
0.230000
0.330000
0.300000
0.390000
0.460000
0.590000
0.640000
0.610000
0.740000
0.780000
1.110000
1.070000
0.820000
0.830000
1.100000
1.210000
1.430000
1.810000
2.000000
2.010000
1.770000
1.920000
2.530000
2.200000
1.910000
2.370000
2.570000
2.690000
3.260000
2.890000
2.880000
3.790000
3.660000
3.890000
3.740000
3.530000
4.210000
4.470000
4.570000
4.800000
4.920000
5.230000
4.690000
5.600000
5.910000
5.870000
6.060000
6.220000
6.310000
7.420000
7.430000
6.810000
6.310000
8.210000
7.320000
8.000000
8.280000
8.070000
8.840000
9.470000
9.150000
9.670000
9.490000
10.830000
10.130000
10.140000
10.920000
11.680000
12.300000
11.980000
12.940000
11.840000
13.060000
13.000000
13.670000
13.990000
13.810000
14.230000
13.950000
15.240000
14.380000
16.850000
15.890000
15.910000
15.950000
17.990000
17.270000
17.590000
